00019.jpg 65,87,243,156,0
00018.jpg 208,170,512,323,0
00022.jpg 60,126,438,337,0
00020.jpg 261,47,465,352,0
00008.jpg 333,321,792,543,0 596,245,836,309,0
00009.jpg 142,142,427,228,0
00021.jpg 187,323,319,475,0 80,274,144,331,0
00004.jpg 78,88,552,293,0
00010.jpg 216,166,274,273,0 99,163,150,246,0 301,135,346,188,0 177,126,213,166,0 97,116,142,148,0 251,121,287,160,0 350,125,394,161,0
00011.jpg 166,100,463,389,0
00005.jpg 209,96,386,210,0 108,105,139,130,0
00013.jpg 198,91,653,367,0
00007.jpg 226,118,758,368,0
00006.jpg 314,257,391,389,0 261,205,303,241,0
00012.jpg 25,158,258,233,0
00016.jpg 96,186,200,275,0
00002.jpg 315,243,369,321,0 215,416,255,490,0 367,386,402,446,0
00003.jpg 58,52,99,80,0 137,37,172,66,0 70,82,164,170,0
00017.jpg 495,237,604,368,0
00001.jpg 114,10,418,187,0
00015.jpg 292,647,652,805,0
00014.jpg 192,167,304,252,0
